50
0.000000000 0.125581039 0.250666467 0.374762629 0.497379774 0.618033989 0.736249105 0.851558583 0.963507348 1.071653590 1.175570505 1.274847979 1.369094212 1.457937255 1.541026486 1.618033989 1.688655851 1.752613360 1.809654105 1.859552972 1.902113033 1.937166322 1.964574501 1.984229403 1.996053457 2.000000000 1.996053457 1.984229403 1.964574501 1.937166322 1.902113033 1.859552972 1.809654105 1.752613360 1.688655851 1.618033989 1.541026486 1.457937255 1.369094212 1.274847979 1.175570505 1.071653590 0.963507348 0.851558583 0.736249105 0.618033989 0.497379774 0.374762629 0.250666467 0.125581039
0.125581039 0.000000000 0.125581039 0.250666467 0.374762629 0.497379774 0.618033989 0.736249105 0.851558583 0.963507348 1.071653590 1.175570505 1.274847979 1.369094212 1.457937255 1.541026486 1.618033989 1.688655851 1.752613360 1.809654105 1.859552972 1.902113033 1.937166322 1.964574501 1.984229403 1.996053457 2.000000000 1.996053457 1.984229403 1.964574501 1.937166322 1.902113033 1.859552972 1.809654105 1.752613360 1.688655851 1.618033989 1.541026486 1.457937255 1.369094212 1.274847979 1.175570505 1.071653590 0.963507348 0.851558583 0.736249105 0.618033989 0.497379774 0.374762629 0.250666467
0.250666467 0.125581039 0.000000000 0.125581039 0.250666467 0.374762629 0.497379774 0.618033989 0.736249105 0.851558583 0.963507348 1.071653590 1.175570505 1.274847979 1.369094212 1.457937255 1.541026486 1.618033989 1.688655851 1.752613360 1.809654105 1.859552972 1.902113033 1.937166322 1.964574501 1.984229403 1.996053457 2.000000000 1.996053457 1.984229403 1.964574501 1.937166322 1.902113033 1.859552972 1.809654105 1.752613360 1.688655851 1.618033989 1.541026486 1.457937255 1.369094212 1.274847979 1.175570505 1.071653590 0.963507348 0.851558583 0.736249105 0.618033989 0.497379774 0.374762629
0.374762629 0.250666467 0.125581039 0.000000000 0.125581039 0.250666467 0.374762629 0.497379774 0.618033989 0.736249105 0.851558583 0.963507348 1.071653590 1.175570505 1.274847979 1.369094212 1.457937255 1.541026486 1.618033989 1.688655851 1.752613360 1.809654105 1.859552972 1.902113033 1.937166322 1.964574501 1.984229403 1.996053457 2.000000000 1.996053457 1.984229403 1.964574501 1.937166322 1.902113033 1.859552972 1.809654105 1.752613360 1.688655851 1.618033989 1.541026486 1.457937255 1.369094212 1.274847979 1.175570505 1.071653590 0.963507348 0.851558583 0.736249105 0.618033989 0.497379774
0.497379774 0.374762629 0.250666467 0.125581039 0.000000000 0.125581039 0.250666467 0.374762629 0.497379774 0.618033989 0.736249105 0.851558583 0.963507348 1.071653590 1.175570505 1.274847979 1.369094212 1.457937255 1.541026486 1.618033989 1.688655851 1.752613360 1.809654105 1.859552972 1.902113033 1.937166322 1.964574501 1.984229403 1.996053457 2.000000000 1.996053457 1.984229403 1.964574501 1.937166322 1.902113033 1.859552972 1.809654105 1.752613360 1.688655851 1.618033989 1.541026486 1.457937255 1.369094212 1.274847979 1.175570505 1.071653590 0.963507348 0.851558583 0.736249105 0.618033989
0.618033989 0.497379774 0.374762629 0.250666467 0.125581039 0.000000000 0.125581039 0.250666467 0.374762629 0.497379774 0.618033989 0.736249105 0.851558583 0.963507348 1.071653590 1.175570505 1.274847979 1.369094212 1.457937255 1.541026486 1.618033989 1.688655851 1.752613360 1.809654105 1.859552972 1.902113033 1.937166322 1.964574501 1.984229403 1.996053457 2.000000000 1.996053457 1.984229403 1.964574501 1.937166322 1.902113033 1.859552972 1.809654105 1.752613360 1.688655851 1.618033989 1.541026486 1.457937255 1.369094212 1.274847979 1.175570505 1.071653590 0.963507348 0.851558583 0.736249105
0.736249105 0.618033989 0.497379774 0.374762629 0.250666467 0.125581039 0.000000000 0.125581039 0.250666467 0.374762629 0.497379774 0.618033989 0.736249105 0.851558583 0.963507348 1.071653590 1.175570505 1.274847979 1.369094212 1.457937255 1.541026486 1.618033989 1.688655851 1.752613360 1.809654105 1.859552972 1.902113033 1.937166322 1.964574501 1.984229403 1.996053457 2.000000000 1.996053457 1.984229403 1.964574501 1.937166322 1.902113033 1.859552972 1.809654105 1.752613360 1.688655851 1.618033989 1.541026486 1.457937255 1.369094212 1.274847979 1.175570505 1.071653590 0.963507348 0.851558583
0.851558583 0.736249105 0.618033989 0.497379774 0.374762629 0.250666467 0.125581039 0.000000000 0.125581039 0.250666467 0.374762629 0.497379774 0.618033989 0.736249105 0.851558583 0.963507348 1.071653590 1.175570505 1.274847979 1.369094212 1.457937255 1.541026486 1.618033989 1.688655851 1.752613360 1.809654105 1.859552972 1.902113033 1.937166322 1.964574501 1.984229403 1.996053457 2.000000000 1.996053457 1.984229403 1.964574501 1.937166322 1.902113033 1.859552972 1.809654105 1.752613360 1.688655851 1.618033989 1.541026486 1.457937255 1.369094212 1.274847979 1.175570505 1.071653590 0.963507348
0.963507348 0.851558583 0.736249105 0.618033989 0.497379774 0.374762629 0.250666467 0.125581039 0.000000000 0.125581039 0.250666467 0.374762629 0.497379774 0.618033989 0.736249105 0.851558583 0.963507348 1.071653590 1.175570505 1.274847979 1.369094212 1.457937255 1.541026486 1.618033989 1.688655851 1.752613360 1.809654105 1.859552972 1.902113033 1.937166322 1.964574501 1.984229403 1.996053457 2.000000000 1.996053457 1.984229403 1.964574501 1.937166322 1.902113033 1.859552972 1.809654105 1.752613360 1.688655851 1.618033989 1.541026486 1.457937255 1.369094212 1.274847979 1.175570505 1.071653590
1.071653590 0.963507348 0.851558583 0.736249105 0.618033989 0.497379774 0.374762629 0.250666467 0.125581039 0.000000000 0.125581039 0.250666467 0.374762629 0.497379774 0.618033989 0.736249105 0.851558583 0.963507348 1.071653590 1.175570505 1.274847979 1.369094212 1.457937255 1.541026486 1.618033989 1.688655851 1.752613360 1.809654105 1.859552972 1.902113033 1.937166322 1.964574501 1.984229403 1.996053457 2.000000000 1.996053457 1.984229403 1.964574501 1.937166322 1.902113033 1.859552972 1.809654105 1.752613360 1.688655851 1.618033989 1.541026486 1.457937255 1.369094212 1.274847979 1.175570505
1.175570505 1.071653590 0.963507348 0.851558583 0.736249105 0.618033989 0.497379774 0.374762629 0.250666467 0.125581039 0.000000000 0.125581039 0.250666467 0.374762629 0.497379774 0.618033989 0.736249105 0.851558583 0.963507348 1.071653590 1.175570505 1.274847979 1.369094212 1.457937255 1.541026486 1.618033989 1.688655851 1.752613360 1.809654105 1.859552972 1.902113033 1.937166322 1.964574501 1.984229403 1.996053457 2.000000000 1.996053457 1.984229403 1.964574501 1.937166322 1.902113033 1.859552972 1.809654105 1.752613360 1.688655851 1.618033989 1.541026486 1.457937255 1.369094212 1.274847979
1.274847979 1.175570505 1.071653590 0.963507348 0.851558583 0.736249105 0.618033989 0.497379774 0.374762629 0.250666467 0.125581039 0.000000000 0.125581039 0.250666467 0.374762629 0.497379774 0.618033989 0.736249105 0.851558583 0.963507348 1.071653590 1.175570505 1.274847979 1.369094212 1.457937255 1.541026486 1.618033989 1.688655851 1.752613360 1.809654105 1.859552972 1.902113033 1.937166322 1.964574501 1.984229403 1.996053457 2.000000000 1.996053457 1.984229403 1.964574501 1.937166322 1.902113033 1.859552972 1.809654105 1.752613360 1.688655851 1.618033989 1.541026486 1.457937255 1.369094212
1.369094212 1.274847979 1.175570505 1.071653590 0.963507348 0.851558583 0.736249105 0.618033989 0.497379774 0.374762629 0.250666467 0.125581039 0.000000000 0.125581039 0.250666467 0.374762629 0.497379774 0.618033989 0.736249105 0.851558583 0.963507348 1.071653590 1.175570505 1.274847979 1.369094212 1.457937255 1.541026486 1.618033989 1.688655851 1.752613360 1.809654105 1.859552972 1.902113033 1.937166322 1.964574501 1.984229403 1.996053457 2.000000000 1.996053457 1.984229403 1.964574501 1.937166322 1.902113033 1.859552972 1.809654105 1.752613360 1.688655851 1.618033989 1.541026486 1.457937255
1.457937255 1.369094212 1.274847979 1.175570505 1.071653590 0.963507348 0.851558583 0.736249105 0.618033989 0.497379774 0.374762629 0.250666467 0.125581039 0.000000000 0.125581039 0.250666467 0.374762629 0.497379774 0.618033989 0.736249105 0.851558583 0.963507348 1.071653590 1.175570505 1.274847979 1.369094212 1.457937255 1.541026486 1.618033989 1.688655851 1.752613360 1.809654105 1.859552972 1.902113033 1.937166322 1.964574501 1.984229403 1.996053457 2.000000000 1.996053457 1.984229403 1.964574501 1.937166322 1.902113033 1.859552972 1.809654105 1.752613360 1.688655851 1.618033989 1.541026486
1.541026486 1.457937255 1.369094212 1.274847979 1.175570505 1.071653590 0.963507348 0.851558583 0.736249105 0.618033989 0.497379774 0.374762629 0.250666467 0.125581039 0.000000000 0.125581039 0.250666467 0.374762629 0.497379774 0.618033989 0.736249105 0.851558583 0.963507348 1.071653590 1.175570505 1.274847979 1.369094212 1.457937255 1.541026486 1.618033989 1.688655851 1.752613360 1.809654105 1.859552972 1.902113033 1.937166322 1.964574501 1.984229403 1.996053457 2.000000000 1.996053457 1.984229403 1.964574501 1.937166322 1.902113033 1.859552972 1.809654105 1.752613360 1.688655851 1.618033989
1.618033989 1.541026486 1.457937255 1.369094212 1.274847979 1.175570505 1.071653590 0.963507348 0.851558583 0.736249105 0.618033989 0.497379774 0.374762629 0.250666467 0.125581039 0.000000000 0.125581039 0.250666467 0.374762629 0.497379774 0.618033989 0.736249105 0.851558583 0.963507348 1.071653590 1.175570505 1.274847979 1.369094212 1.457937255 1.541026486 1.618033989 1.688655851 1.752613360 1.809654105 1.859552972 1.902113033 1.937166322 1.964574501 1.984229403 1.996053457 2.000000000 1.996053457 1.984229403 1.964574501 1.937166322 1.902113033 1.859552972 1.809654105 1.752613360 1.688655851
1.688655851 1.618033989 1.541026486 1.457937255 1.369094212 1.274847979 1.175570505 1.071653590 0.963507348 0.851558583 0.736249105 0.618033989 0.497379774 0.374762629 0.250666467 0.125581039 0.000000000 0.125581039 0.250666467 0.374762629 0.497379774 0.618033989 0.736249105 0.851558583 0.963507348 1.071653590 1.175570505 1.274847979 1.369094212 1.457937255 1.541026486 1.618033989 1.688655851 1.752613360 1.809654105 1.859552972 1.902113033 1.937166322 1.964574501 1.984229403 1.996053457 2.000000000 1.996053457 1.984229403 1.964574501 1.937166322 1.902113033 1.859552972 1.809654105 1.752613360
1.752613360 1.688655851 1.618033989 1.541026486 1.457937255 1.369094212 1.274847979 1.175570505 1.071653590 0.963507348 0.851558583 0.736249105 0.618033989 0.497379774 0.374762629 0.250666467 0.125581039 0.000000000 0.125581039 0.250666467 0.374762629 0.497379774 0.618033989 0.736249105 0.851558583 0.963507348 1.071653590 1.175570505 1.274847979 1.369094212 1.457937255 1.541026486 1.618033989 1.688655851 1.752613360 1.809654105 1.859552972 1.902113033 1.937166322 1.964574501 1.984229403 1.996053457 2.000000000 1.996053457 1.984229403 1.964574501 1.937166322 1.902113033 1.859552972 1.809654105
1.809654105 1.752613360 1.688655851 1.618033989 1.541026486 1.457937255 1.369094212 1.274847979 1.175570505 1.071653590 0.963507348 0.851558583 0.736249105 0.618033989 0.497379774 0.374762629 0.250666467 0.125581039 0.000000000 0.125581039 0.250666467 0.374762629 0.497379774 0.618033989 0.736249105 0.851558583 0.963507348 1.071653590 1.175570505 1.274847979 1.369094212 1.457937255 1.541026486 1.618033989 1.688655851 1.752613360 1.809654105 1.859552972 1.902113033 1.937166322 1.964574501 1.984229403 1.996053457 2.000000000 1.996053457 1.984229403 1.964574501 1.937166322 1.902113033 1.859552972
1.859552972 1.809654105 1.752613360 1.688655851 1.618033989 1.541026486 1.457937255 1.369094212 1.274847979 1.175570505 1.071653590 0.963507348 0.851558583 0.736249105 0.618033989 0.497379774 0.374762629 0.250666467 0.125581039 0.000000000 0.125581039 0.250666467 0.374762629 0.497379774 0.618033989 0.736249105 0.851558583 0.963507348 1.071653590 1.175570505 1.274847979 1.369094212 1.457937255 1.541026486 1.618033989 1.688655851 1.752613360 1.809654105 1.859552972 1.902113033 1.937166322 1.964574501 1.984229403 1.996053457 2.000000000 1.996053457 1.984229403 1.964574501 1.937166322 1.902113033
1.902113033 1.859552972 1.809654105 1.752613360 1.688655851 1.618033989 1.541026486 1.457937255 1.369094212 1.274847979 1.175570505 1.071653590 0.963507348 0.851558583 0.736249105 0.618033989 0.497379774 0.374762629 0.250666467 0.125581039 0.000000000 0.125581039 0.250666467 0.374762629 0.497379774 0.618033989 0.736249105 0.851558583 0.963507348 1.071653590 1.175570505 1.274847979 1.369094212 1.457937255 1.541026486 1.618033989 1.688655851 1.752613360 1.809654105 1.859552972 1.902113033 1.937166322 1.964574501 1.984229403 1.996053457 2.000000000 1.996053457 1.984229403 1.964574501 1.937166322
1.937166322 1.902113033 1.859552972 1.809654105 1.752613360 1.688655851 1.618033989 1.541026486 1.457937255 1.369094212 1.274847979 1.175570505 1.071653590 0.963507348 0.851558583 0.736249105 0.618033989 0.497379774 0.374762629 0.250666467 0.125581039 0.000000000 0.125581039 0.250666467 0.374762629 0.497379774 0.618033989 0.736249105 0.851558583 0.963507348 1.071653590 1.175570505 1.274847979 1.369094212 1.457937255 1.541026486 1.618033989 1.688655851 1.752613360 1.809654105 1.859552972 1.902113033 1.937166322 1.964574501 1.984229403 1.996053457 2.000000000 1.996053457 1.984229403 1.964574501
1.964574501 1.937166322 1.902113033 1.859552972 1.809654105 1.752613360 1.688655851 1.618033989 1.541026486 1.457937255 1.369094212 1.274847979 1.175570505 1.071653590 0.963507348 0.851558583 0.736249105 0.618033989 0.497379774 0.374762629 0.250666467 0.125581039 0.000000000 0.125581039 0.250666467 0.374762629 0.497379774 0.618033989 0.736249105 0.851558583 0.963507348 1.071653590 1.175570505 1.274847979 1.369094212 1.457937255 1.541026486 1.618033989 1.688655851 1.752613360 1.809654105 1.859552972 1.902113033 1.937166322 1.964574501 1.984229403 1.996053457 2.000000000 1.996053457 1.984229403
1.984229403 1.964574501 1.937166322 1.902113033 1.859552972 1.809654105 1.752613360 1.688655851 1.618033989 1.541026486 1.457937255 1.369094212 1.274847979 1.175570505 1.071653590 0.963507348 0.851558583 0.736249105 0.618033989 0.497379774 0.374762629 0.250666467 0.125581039 0.000000000 0.125581039 0.250666467 0.374762629 0.497379774 0.618033989 0.736249105 0.851558583 0.963507348 1.071653590 1.175570505 1.274847979 1.369094212 1.457937255 1.541026486 1.618033989 1.688655851 1.752613360 1.809654105 1.859552972 1.902113033 1.937166322 1.964574501 1.984229403 1.996053457 2.000000000 1.996053457
1.996053457 1.984229403 1.964574501 1.937166322 1.902113033 1.859552972 1.809654105 1.752613360 1.688655851 1.618033989 1.541026486 1.457937255 1.369094212 1.274847979 1.175570505 1.071653590 0.963507348 0.851558583 0.736249105 0.618033989 0.497379774 0.374762629 0.250666467 0.125581039 0.000000000 0.125581039 0.250666467 0.374762629 0.497379774 0.618033989 0.736249105 0.851558583 0.963507348 1.071653590 1.175570505 1.274847979 1.369094212 1.457937255 1.541026486 1.618033989 1.688655851 1.752613360 1.809654105 1.859552972 1.902113033 1.937166322 1.964574501 1.984229403 1.996053457 2.000000000
2.000000000 1.996053457 1.984229403 1.964574501 1.937166322 1.902113033 1.859552972 1.809654105 1.752613360 1.688655851 1.618033989 1.541026486 1.457937255 1.369094212 1.274847979 1.175570505 1.071653590 0.963507348 0.851558583 0.736249105 0.618033989 0.497379774 0.374762629 0.250666467 0.125581039 0.000000000 0.125581039 0.250666467 0.374762629 0.497379774 0.618033989 0.736249105 0.851558583 0.963507348 1.071653590 1.175570505 1.274847979 1.369094212 1.457937255 1.541026486 1.618033989 1.688655851 1.752613360 1.809654105 1.859552972 1.902113033 1.937166322 1.964574501 1.984229403 1.996053457
1.996053457 2.000000000 1.996053457 1.984229403 1.964574501 1.937166322 1.902113033 1.859552972 1.809654105 1.752613360 1.688655851 1.618033989 1.541026486 1.457937255 1.369094212 1.274847979 1.175570505 1.071653590 0.963507348 0.851558583 0.736249105 0.618033989 0.497379774 0.374762629 0.250666467 0.125581039 0.000000000 0.125581039 0.250666467 0.374762629 0.497379774 0.618033989 0.736249105 0.851558583 0.963507348 1.071653590 1.175570505 1.274847979 1.369094212 1.457937255 1.541026486 1.618033989 1.688655851 1.752613360 1.809654105 1.859552972 1.902113033 1.937166322 1.964574501 1.984229403
1.984229403 1.996053457 2.000000000 1.996053457 1.984229403 1.964574501 1.937166322 1.902113033 1.859552972 1.809654105 1.752613360 1.688655851 1.618033989 1.541026486 1.457937255 1.369094212 1.274847979 1.175570505 1.071653590 0.963507348 0.851558583 0.736249105 0.618033989 0.497379774 0.374762629 0.250666467 0.125581039 0.000000000 0.125581039 0.250666467 0.374762629 0.497379774 0.618033989 0.736249105 0.851558583 0.963507348 1.071653590 1.175570505 1.274847979 1.369094212 1.457937255 1.541026486 1.618033989 1.688655851 1.752613360 1.809654105 1.859552972 1.902113033 1.937166322 1.964574501
1.964574501 1.984229403 1.996053457 2.000000000 1.996053457 1.984229403 1.964574501 1.937166322 1.902113033 1.859552972 1.809654105 1.752613360 1.688655851 1.618033989 1.541026486 1.457937255 1.369094212 1.274847979 1.175570505 1.071653590 0.963507348 0.851558583 0.736249105 0.618033989 0.497379774 0.374762629 0.250666467 0.125581039 0.000000000 0.125581039 0.250666467 0.374762629 0.497379774 0.618033989 0.736249105 0.851558583 0.963507348 1.071653590 1.175570505 1.274847979 1.369094212 1.457937255 1.541026486 1.618033989 1.688655851 1.752613360 1.809654105 1.859552972 1.902113033 1.937166322
1.937166322 1.964574501 1.984229403 1.996053457 2.000000000 1.996053457 1.984229403 1.964574501 1.937166322 1.902113033 1.859552972 1.809654105 1.752613360 1.688655851 1.618033989 1.541026486 1.457937255 1.369094212 1.274847979 1.175570505 1.071653590 0.963507348 0.851558583 0.736249105 0.618033989 0.497379774 0.374762629 0.250666467 0.125581039 0.000000000 0.125581039 0.250666467 0.374762629 0.497379774 0.618033989 0.736249105 0.851558583 0.963507348 1.071653590 1.175570505 1.274847979 1.369094212 1.457937255 1.541026486 1.618033989 1.688655851 1.752613360 1.809654105 1.859552972 1.902113033
1.902113033 1.937166322 1.964574501 1.984229403 1.996053457 2.000000000 1.996053457 1.984229403 1.964574501 1.937166322 1.902113033 1.859552972 1.809654105 1.752613360 1.688655851 1.618033989 1.541026486 1.457937255 1.369094212 1.274847979 1.175570505 1.071653590 0.963507348 0.851558583 0.736249105 0.618033989 0.497379774 0.374762629 0.250666467 0.125581039 0.000000000 0.125581039 0.250666467 0.374762629 0.497379774 0.618033989 0.736249105 0.851558583 0.963507348 1.071653590 1.175570505 1.274847979 1.369094212 1.457937255 1.541026486 1.618033989 1.688655851 1.752613360 1.809654105 1.859552972
1.859552972 1.902113033 1.937166322 1.964574501 1.984229403 1.996053457 2.000000000 1.996053457 1.984229403 1.964574501 1.937166322 1.902113033 1.859552972 1.809654105 1.752613360 1.688655851 1.618033989 1.541026486 1.457937255 1.369094212 1.274847979 1.175570505 1.071653590 0.963507348 0.851558583 0.736249105 0.618033989 0.497379774 0.374762629 0.250666467 0.125581039 0.000000000 0.125581039 0.250666467 0.374762629 0.497379774 0.618033989 0.736249105 0.851558583 0.963507348 1.071653590 1.175570505 1.274847979 1.369094212 1.457937255 1.541026486 1.618033989 1.688655851 1.752613360 1.809654105
1.809654105 1.859552972 1.902113033 1.937166322 1.964574501 1.984229403 1.996053457 2.000000000 1.996053457 1.984229403 1.964574501 1.937166322 1.902113033 1.859552972 1.809654105 1.752613360 1.688655851 1.618033989 1.541026486 1.457937255 1.369094212 1.274847979 1.175570505 1.071653590 0.963507348 0.851558583 0.736249105 0.618033989 0.497379774 0.374762629 0.250666467 0.125581039 0.000000000 0.125581039 0.250666467 0.374762629 0.497379774 0.618033989 0.736249105 0.851558583 0.963507348 1.071653590 1.175570505 1.274847979 1.369094212 1.457937255 1.541026486 1.618033989 1.688655851 1.752613360
1.752613360 1.809654105 1.859552972 1.902113033 1.937166322 1.964574501 1.984229403 1.996053457 2.000000000 1.996053457 1.984229403 1.964574501 1.937166322 1.902113033 1.859552972 1.809654105 1.752613360 1.688655851 1.618033989 1.541026486 1.457937255 1.369094212 1.274847979 1.175570505 1.071653590 0.963507348 0.851558583 0.736249105 0.618033989 0.497379774 0.374762629 0.250666467 0.125581039 0.000000000 0.125581039 0.250666467 0.374762629 0.497379774 0.618033989 0.736249105 0.851558583 0.963507348 1.071653590 1.175570505 1.274847979 1.369094212 1.457937255 1.541026486 1.618033989 1.688655851
1.688655851 1.752613360 1.809654105 1.859552972 1.902113033 1.937166322 1.964574501 1.984229403 1.996053457 2.000000000 1.996053457 1.984229403 1.964574501 1.937166322 1.902113033 1.859552972 1.809654105 1.752613360 1.688655851 1.618033989 1.541026486 1.457937255 1.369094212 1.274847979 1.175570505 1.071653590 0.963507348 0.851558583 0.736249105 0.618033989 0.497379774 0.374762629 0.250666467 0.125581039 0.000000000 0.125581039 0.250666467 0.374762629 0.497379774 0.618033989 0.736249105 0.851558583 0.963507348 1.071653590 1.175570505 1.274847979 1.369094212 1.457937255 1.541026486 1.618033989
1.618033989 1.688655851 1.752613360 1.809654105 1.859552972 1.902113033 1.937166322 1.964574501 1.984229403 1.996053457 2.000000000 1.996053457 1.984229403 1.964574501 1.937166322 1.902113033 1.859552972 1.809654105 1.752613360 1.688655851 1.618033989 1.541026486 1.457937255 1.369094212 1.274847979 1.175570505 1.071653590 0.963507348 0.851558583 0.736249105 0.618033989 0.497379774 0.374762629 0.250666467 0.125581039 0.000000000 0.125581039 0.250666467 0.374762629 0.497379774 0.618033989 0.736249105 0.851558583 0.963507348 1.071653590 1.175570505 1.274847979 1.369094212 1.457937255 1.541026486
1.541026486 1.618033989 1.688655851 1.752613360 1.809654105 1.859552972 1.902113033 1.937166322 1.964574501 1.984229403 1.996053457 2.000000000 1.996053457 1.984229403 1.964574501 1.937166322 1.902113033 1.859552972 1.809654105 1.752613360 1.688655851 1.618033989 1.541026486 1.457937255 1.369094212 1.274847979 1.175570505 1.071653590 0.963507348 0.851558583 0.736249105 0.618033989 0.497379774 0.374762629 0.250666467 0.125581039 0.000000000 0.125581039 0.250666467 0.374762629 0.497379774 0.618033989 0.736249105 0.851558583 0.963507348 1.071653590 1.175570505 1.274847979 1.369094212 1.457937255
1.457937255 1.541026486 1.618033989 1.688655851 1.752613360 1.809654105 1.859552972 1.902113033 1.937166322 1.964574501 1.984229403 1.996053457 2.000000000 1.996053457 1.984229403 1.964574501 1.937166322 1.902113033 1.859552972 1.809654105 1.752613360 1.688655851 1.618033989 1.541026486 1.457937255 1.369094212 1.274847979 1.175570505 1.071653590 0.963507348 0.851558583 0.736249105 0.618033989 0.497379774 0.374762629 0.250666467 0.125581039 0.000000000 0.125581039 0.250666467 0.374762629 0.497379774 0.618033989 0.736249105 0.851558583 0.963507348 1.071653590 1.175570505 1.274847979 1.369094212
1.369094212 1.457937255 1.541026486 1.618033989 1.688655851 1.752613360 1.809654105 1.859552972 1.902113033 1.937166322 1.964574501 1.984229403 1.996053457 2.000000000 1.996053457 1.984229403 1.964574501 1.937166322 1.902113033 1.859552972 1.809654105 1.752613360 1.688655851 1.618033989 1.541026486 1.457937255 1.369094212 1.274847979 1.175570505 1.071653590 0.963507348 0.851558583 0.736249105 0.618033989 0.497379774 0.374762629 0.250666467 0.125581039 0.000000000 0.125581039 0.250666467 0.374762629 0.497379774 0.618033989 0.736249105 0.851558583 0.963507348 1.071653590 1.175570505 1.274847979
1.274847979 1.369094212 1.457937255 1.541026486 1.618033989 1.688655851 1.752613360 1.809654105 1.859552972 1.902113033 1.937166322 1.964574501 1.984229403 1.996053457 2.000000000 1.996053457 1.984229403 1.964574501 1.937166322 1.902113033 1.859552972 1.809654105 1.752613360 1.688655851 1.618033989 1.541026486 1.457937255 1.369094212 1.274847979 1.175570505 1.071653590 0.963507348 0.851558583 0.736249105 0.618033989 0.497379774 0.374762629 0.250666467 0.125581039 0.000000000 0.125581039 0.250666467 0.374762629 0.497379774 0.618033989 0.736249105 0.851558583 0.963507348 1.071653590 1.175570505
1.175570505 1.274847979 1.369094212 1.457937255 1.541026486 1.618033989 1.688655851 1.752613360 1.809654105 1.859552972 1.902113033 1.937166322 1.964574501 1.984229403 1.996053457 2.000000000 1.996053457 1.984229403 1.964574501 1.937166322 1.902113033 1.859552972 1.809654105 1.752613360 1.688655851 1.618033989 1.541026486 1.457937255 1.369094212 1.274847979 1.175570505 1.071653590 0.963507348 0.851558583 0.736249105 0.618033989 0.497379774 0.374762629 0.250666467 0.125581039 0.000000000 0.125581039 0.250666467 0.374762629 0.497379774 0.618033989 0.736249105 0.851558583 0.963507348 1.071653590
1.071653590 1.175570505 1.274847979 1.369094212 1.457937255 1.541026486 1.618033989 1.688655851 1.752613360 1.809654105 1.859552972 1.902113033 1.937166322 1.964574501 1.984229403 1.996053457 2.000000000 1.996053457 1.984229403 1.964574501 1.937166322 1.902113033 1.859552972 1.809654105 1.752613360 1.688655851 1.618033989 1.541026486 1.457937255 1.369094212 1.274847979 1.175570505 1.071653590 0.963507348 0.851558583 0.736249105 0.618033989 0.497379774 0.374762629 0.250666467 0.125581039 0.000000000 0.125581039 0.250666467 0.374762629 0.497379774 0.618033989 0.736249105 0.851558583 0.963507348
0.963507348 1.071653590 1.175570505 1.274847979 1.369094212 1.457937255 1.541026486 1.618033989 1.688655851 1.752613360 1.809654105 1.859552972 1.902113033 1.937166322 1.964574501 1.984229403 1.996053457 2.000000000 1.996053457 1.984229403 1.964574501 1.937166322 1.902113033 1.859552972 1.809654105 1.752613360 1.688655851 1.618033989 1.541026486 1.457937255 1.369094212 1.274847979 1.175570505 1.071653590 0.963507348 0.851558583 0.736249105 0.618033989 0.497379774 0.374762629 0.250666467 0.125581039 0.000000000 0.125581039 0.250666467 0.374762629 0.497379774 0.618033989 0.736249105 0.851558583
0.851558583 0.963507348 1.071653590 1.175570505 1.274847979 1.369094212 1.457937255 1.541026486 1.618033989 1.688655851 1.752613360 1.809654105 1.859552972 1.902113033 1.937166322 1.964574501 1.984229403 1.996053457 2.000000000 1.996053457 1.984229403 1.964574501 1.937166322 1.902113033 1.859552972 1.809654105 1.752613360 1.688655851 1.618033989 1.541026486 1.457937255 1.369094212 1.274847979 1.175570505 1.071653590 0.963507348 0.851558583 0.736249105 0.618033989 0.497379774 0.374762629 0.250666467 0.125581039 0.000000000 0.125581039 0.250666467 0.374762629 0.497379774 0.618033989 0.736249105
0.736249105 0.851558583 0.963507348 1.071653590 1.175570505 1.274847979 1.369094212 1.457937255 1.541026486 1.618033989 1.688655851 1.752613360 1.809654105 1.859552972 1.902113033 1.937166322 1.964574501 1.984229403 1.996053457 2.000000000 1.996053457 1.984229403 1.964574501 1.937166322 1.902113033 1.859552972 1.809654105 1.752613360 1.688655851 1.618033989 1.541026486 1.457937255 1.369094212 1.274847979 1.175570505 1.071653590 0.963507348 0.851558583 0.736249105 0.618033989 0.497379774 0.374762629 0.250666467 0.125581039 0.000000000 0.125581039 0.250666467 0.374762629 0.497379774 0.618033989
0.618033989 0.736249105 0.851558583 0.963507348 1.071653590 1.175570505 1.274847979 1.369094212 1.457937255 1.541026486 1.618033989 1.688655851 1.752613360 1.809654105 1.859552972 1.902113033 1.937166322 1.964574501 1.984229403 1.996053457 2.000000000 1.996053457 1.984229403 1.964574501 1.937166322 1.902113033 1.859552972 1.809654105 1.752613360 1.688655851 1.618033989 1.541026486 1.457937255 1.369094212 1.274847979 1.175570505 1.071653590 0.963507348 0.851558583 0.736249105 0.618033989 0.497379774 0.374762629 0.250666467 0.125581039 0.000000000 0.125581039 0.250666467 0.374762629 0.497379774
0.497379774 0.618033989 0.736249105 0.851558583 0.963507348 1.071653590 1.175570505 1.274847979 1.369094212 1.457937255 1.541026486 1.618033989 1.688655851 1.752613360 1.809654105 1.859552972 1.902113033 1.937166322 1.964574501 1.984229403 1.996053457 2.000000000 1.996053457 1.984229403 1.964574501 1.937166322 1.902113033 1.859552972 1.809654105 1.752613360 1.688655851 1.618033989 1.541026486 1.457937255 1.369094212 1.274847979 1.175570505 1.071653590 0.963507348 0.851558583 0.736249105 0.618033989 0.497379774 0.374762629 0.250666467 0.125581039 0.000000000 0.125581039 0.250666467 0.374762629
0.374762629 0.497379774 0.618033989 0.736249105 0.851558583 0.963507348 1.071653590 1.175570505 1.274847979 1.369094212 1.457937255 1.541026486 1.618033989 1.688655851 1.752613360 1.809654105 1.859552972 1.902113033 1.937166322 1.964574501 1.984229403 1.996053457 2.000000000 1.996053457 1.984229403 1.964574501 1.937166322 1.902113033 1.859552972 1.809654105 1.752613360 1.688655851 1.618033989 1.541026486 1.457937255 1.369094212 1.274847979 1.175570505 1.071653590 0.963507348 0.851558583 0.736249105 0.618033989 0.497379774 0.374762629 0.250666467 0.125581039 0.000000000 0.125581039 0.250666467
0.250666467 0.374762629 0.497379774 0.618033989 0.736249105 0.851558583 0.963507348 1.071653590 1.175570505 1.274847979 1.369094212 1.457937255 1.541026486 1.618033989 1.688655851 1.752613360 1.809654105 1.859552972 1.902113033 1.937166322 1.964574501 1.984229403 1.996053457 2.000000000 1.996053457 1.984229403 1.964574501 1.937166322 1.902113033 1.859552972 1.809654105 1.752613360 1.688655851 1.618033989 1.541026486 1.457937255 1.369094212 1.274847979 1.175570505 1.071653590 0.963507348 0.851558583 0.736249105 0.618033989 0.497379774 0.374762629 0.250666467 0.125581039 0.000000000 0.125581039
0.125581039 0.250666467 0.374762629 0.497379774 0.618033989 0.736249105 0.851558583 0.963507348 1.071653590 1.175570505 1.274847979 1.369094212 1.457937255 1.541026486 1.618033989 1.688655851 1.752613360 1.809654105 1.859552972 1.902113033 1.937166322 1.964574501 1.984229403 1.996053457 2.000000000 1.996053457 1.984229403 1.964574501 1.937166322 1.902113033 1.859552972 1.809654105 1.752613360 1.688655851 1.618033989 1.541026486 1.457937255 1.369094212 1.274847979 1.175570505 1.071653590 0.963507348 0.851558583 0.736249105 0.618033989 0.497379774 0.374762629 0.250666467 0.125581039 0.000000000
